73
89
34
65
55
22
13
78
43
78
23
32
34
4
5
37
54
64
67
47
10
90
43
73
67
28
71
6
52
61
9
18
27
36
45
54
63
72
81
90
11
97
28
31
76
67
22
6
19
50
10
8
10
8
10
8
10
8
10
8
21
23
45
53
67
12
34
56
78
98
1
2
20
30
40
50
60
77
88
99
87
16
43
22
61
99
63
8
87
14
61
51
4
2
47
54
40
43
66
68
98
86
74
62
50
49
37
25
13
2
10
20
30
35
25
15
5
10
30
1
35
26
53
8
67
71
40
60
5
73
46
55
0
10
99
93
78
8
2
1
24
9
90
12
23
65
54
99
83
72
19
28
37
46
55
50
41
32
23
14
88
2
78
80
25
59
11
87
10
65
42
21
6
9
81
3
96
67
17
73
4
5
19
76
44
95
89
87
71
80
50
79
97
97
79
50
20
2
2
20
93
62
31
4
35
2
35
88
1
95
2
3
5
7
11
13
17
19
23
29
8
95
71
59
80
70
28
86
66
89
